$ANSIBLE_VAULT;1.1;AES256
34373936343838666134303936643331366233313134646463616531633937616136663538636166
6265616337373361333036663431366636313034373537370a333363386135373335383831373163
61663037663664376437613163323364343838346236643936656162396464626364646635353134
3132653033663331620a316337646364386339356133636438393065393931376364643437303835
30663732613632663535633166613432356566396430373030646639393838333761623266316336
33636331333338313132393530666130346238313637323666336462326163356166373130313966
61643135373536366533366231303062353230373063643435303763613930626136386134383230
37316463643763363566326438333237636164633365663464363464336138373431373336623637
32633731343236346366373234356532316638346262626465323665396362366233653765633339
63336366306337366163636330393839366365323039663165363134303465663332663666613235
65323637646132666162393531613137363234633038353635663961636134666435396236376531
35643030623037333261643864393739323136663838323637633335326230653736663436613164
61633666326439663663326361313435366330313462616263373832666335303538
