$ANSIBLE_VAULT;1.1;AES256
37373630656130613834666531666339333263393532393831643163613361316132386433316336
3932626630333464653434343036313162313336343363630a373463653238343237643639616438
39303830653734386136393361313364666637363431366364663435656433613332666234313232
3866653139333931350a623463656437323766663836343561336633323439623639646236356133
39333037626562656634646166353935616365343166356632393632323837393565323134616235
30343232656639383037363738343035363862626239613034323539313262396333346462616330
37393334656162336232366663646166633230663363653933306231313037666533343362633939
64353035303730396239353565656633623934383566396665333063333132396432383563666363
35306365623931303330323861353863623962343836303939666662326566623564303166666136
62336566363432376138396366373131623337616331613063393534653764613061323838663939
63373662356330393837633836636630323432616532313939633937326131323039613865313838
64313936343662663635616639653266333732343132383139643666373639393965666664643938
62643637386665313735666630646539623364316533393232363637613533353361653932626238
30633462656164303037313263356434366136393932663233326438383863323338653836623239
38366634643965343539643238646564393165366633336264653033643165633564363531343162
32636161343066616332
